E	I
2.0	253.69555555555556
2.2	240.83666666666667
2.4	228.73444444444445
2.6	215.5888888888889
2.8	203.4177777777778
3.0	192.58444444444444
3.2	182.79
3.4	173.43444444444444
3.6	164.08333333333334
3.8	155.84666666666666
4.0	147.49555555555557
4.2	139.23888888888888
4.4	130.1511111111111
4.6	120.75666666666666
4.8	110.67
5.0	99.49444444444444
5.2	88.49777777777778
5.4	79.66444444444444
5.6	73.33222222222223
5.8	67.52333333333333
6.0	64.75555555555556
6.2	62.95444444444445
6.4	60.49777777777778
6.6	59.81666666666667
6.8	58.553333333333335
7.0	57.483333333333334
7.2	57.19222222222222
7.4	56.077777777777776
7.6	55.33
7.8	55.49888888888889
8.0	54.653333333333336
8.2	53.98888888888889
8.4	52.69
8.6	50.906666666666666
8.8	50.42
9.0	48.32222222222222
9.2	46.51111111111111
9.4	44.80444444444444
9.6	42.217777777777776
9.8	40.03777777777778
10.0	37.29
10.2	35.25111111111111
10.4	32.4
10.6	29.84111111111111
10.8	28.07888888888889
11.0	26.537777777777777
11.2	25.144444444444446
11.4	24.595555555555556
11.6	24.155555555555555
11.8	23.836666666666666
12.0	23.726666666666667
12.2	24.15111111111111
12.4	24.416666666666668
12.6	25.552222222222223
12.8	25.807777777777776
13.0	27.235555555555557
13.2	27.736666666666668
13.4	28.00111111111111
13.6	28.532222222222224
13.8	28.904444444444444
14.0	29.154444444444444
14.2	29.304444444444446
14.4	29.128888888888888
14.6	29.567777777777778
14.8	29.596666666666668
15.0	29.25888888888889
15.2	29.263333333333332
15.4	28.814444444444444
15.6	28.587777777777777
15.8	28.18
16.0	27.447777777777777
16.2	27.085555555555555
16.4	26.27111111111111
16.6	25.81222222222222
16.8	24.74
17.0	24.351111111111113
17.2	24.17222222222222
17.4	22.86
17.6	21.677777777777777
17.8	21.195555555555554
18.0	20.127777777777776
18.2	19.427777777777777
18.4	18.552222222222223
18.6	17.793333333333333
18.8	16.794444444444444
19.0	15.62888888888889
19.2	14.651111111111112
19.4	13.905555555555555
19.6	13.12888888888889
19.8	12.342222222222222
20.0	11.37888888888889
20.2	10.575555555555555
20.4	9.52
20.6	8.86
20.8	8.376666666666667
21.0	7.855555555555555
21.2	7.2555555555555555
21.4	6.825555555555556
21.6	6.421111111111111
21.8	6.282222222222222
22.0	6.107777777777778
22.2	5.806666666666667
22.4	5.371111111111111
22.6	4.782222222222222
22.8	4.58
23.0	4.381111111111111
23.2	4.177777777777778
23.4	3.9566666666666666
23.6	3.92
23.8	3.678888888888889
24.0	3.758888888888889
24.2	3.5833333333333335
24.4	3.5077777777777777
24.6	3.4788888888888887
24.8	3.201111111111111
25.0	3.517777777777778
25.2	3.1422222222222222
25.4	3.183333333333333
25.6	3.2911111111111113
25.8	3.1277777777777778
26.0	3.077777777777778
26.2	3.1155555555555554
26.4	3.367777777777778
26.6	3.311111111111111
26.8	3.4122222222222223
27.0	3.4555555555555557
27.2	3.508888888888889
27.4	3.7055555555555557
27.6	3.638888888888889
27.8	3.7488888888888887
28.0	3.85
28.2	3.881111111111111
28.4	3.818888888888889
28.6	4.006666666666667
28.8	3.8722222222222222
29.0	3.9277777777777776
29.2	3.8155555555555556
29.4	4.101111111111111
29.6	4.001111111111111
29.8	3.881111111111111
30.0	3.828888888888889
30.2	4.157777777777778
30.4	3.937777777777778
30.6	3.568888888888889
30.8	3.428888888888889
31.0	3.2533333333333334
31.2	3.077777777777778
31.4	3.0055555555555555
31.6	2.812222222222222
31.8	2.723333333333333
32.0	2.5755555555555554
32.2	2.761111111111111
32.4	2.6277777777777778
32.6	2.5055555555555555
32.8	2.1366666666666667
33.0	2.1955555555555555
33.2	2.0277777777777777
33.4	1.9244444444444444
33.6	1.87
33.8	1.6588888888888889
34.0	1.6177777777777778
34.2	1.7166666666666666
34.4	1.9477777777777778
34.6	2.0122222222222224
34.8	1.6411111111111112
35.0	1.931111111111111
35.2	1.528888888888889
35.4	1.4366666666666668
35.6	1.5788888888888888
35.8	1.4955555555555555
36.0	1.538888888888889
36.2	1.5133333333333334
36.4	1.3022222222222222
36.6	1.4966666666666666
36.8	1.2933333333333332
37.0	1.6955555555555555
37.2	1.7422222222222221
37.4	1.4044444444444444
37.6	1.278888888888889
37.8	1.1788888888888889
38.0	1.288888888888889
38.2	1.538888888888889
38.4	1.4177777777777778
38.6	1.1411111111111112
38.8	1.2355555555555555
39.0	1.5466666666666666
39.2	1.6255555555555556
39.4	1.5944444444444446
39.6	1.468888888888889
39.8	1.1122222222222222
40.0	1.0555555555555556
40.2	1.501111111111111
40.4	1.2155555555555555
40.6	1.23
40.8	1.1633333333333333
41.0	1.1733333333333333
41.2	1.548888888888889
41.4	1.3911111111111112
41.6	1.5455555555555556
41.8	1.54
42.0	1.238888888888889
42.2	1.1977777777777778
42.4	1.1411111111111112
42.6	0.9755555555555555
42.8	1.0377777777777777
43.0	1.3855555555555557
43.2	1.0077777777777779
43.4	1.1666666666666667
43.6	1.0933333333333333
43.8	0.8955555555555555
44.0	0.88
44.2	1.0844444444444445
44.4	0.9022222222222223
44.6	0.9955555555555555
44.8	1.2455555555555555
45.0	0.9133333333333333
45.2	0.9355555555555556
45.4	0.8988888888888888
45.6	1.1088888888888888
45.8	0.8977777777777778
46.0	0.8444444444444444
46.2	1.1166666666666667
46.4	0.8733333333333333
46.6	0.8733333333333333
46.8	0.8577777777777778
47.0	0.7111111111111111
47.2	1.1566666666666667
47.4	1.0722222222222222
47.6	0.8633333333333333
47.8	0.7377777777777778
48.0	0.6766666666666666
48.2	0.8544444444444445
48.4	1.1166666666666667
48.6	0.8377777777777777
48.8	0.8333333333333334
49.0	0.85
49.2	0.8377777777777777
49.4	0.8388888888888889
49.6	0.7722222222222223
49.8	0.6355555555555555
50.0	0.8377777777777777
50.2	0.8088888888888889
50.4	1.041111111111111
50.6	1.0544444444444445
50.8	0.6255555555555555
51.0	0.8133333333333334
51.2	1.08
51.4	0.8766666666666667
51.6	0.84
51.8	0.7
52.0	0.8455555555555555
52.2	0.8355555555555556
52.4	0.7877777777777778
52.6	0.8011111111111111
52.8	1.14
53.0	0.8344444444444444
53.2	0.7033333333333334
53.4	0.8711111111111111
53.6	0.8788888888888889
53.8	0.8011111111111111
54.0	0.8288888888888889
54.2	0.8377777777777777
54.4	0.6988888888888889
54.6	0.8433333333333334
54.8	0.8544444444444445
55.0	0.95
55.2	0.9366666666666666
55.4	1.1633333333333333
55.6	0.9077777777777778
55.8	1.14
56.0	0.8944444444444445
56.2	1.1255555555555556
56.4	1.218888888888889
56.6	0.9766666666666667
56.8	1.1677777777777778
57.0	1.19
57.2	0.9844444444444445
57.4	0.93
57.6	0.8966666666666666
57.8	0.9988888888888889
58.0	0.8188888888888889
58.2	0.8055555555555556
58.4	1.0055555555555555
58.6	0.8044444444444444
58.8	0.9111111111111111
59.0	0.9166666666666666
59.2	0.9166666666666666
59.4	1.1533333333333333
59.6	0.9077777777777778
59.8	0.9133333333333333
60.0	1.05
