E	I
2.0	6.014444444444444
2.2	14.76
2.4	23.006666666666668
2.6	30.835555555555555
2.8	37.467777777777776
3.0	41.79333333333334
3.2	47.57333333333333
3.4	50.32888888888889
3.6	52.37555555555556
3.8	53.98222222222222
4.0	55.78777777777778
4.2	55.132222222222225
4.4	53.00888888888889
4.6	50.14666666666667
4.8	47.833333333333336
5.0	44.92777777777778
5.2	42.68333333333333
5.4	40.88777777777778
5.6	40.284444444444446
5.8	38.98444444444444
6.0	37.75222222222222
6.2	37.11555555555555
6.4	36.09888888888889
6.6	35.525555555555556
6.8	34.345555555555556
7.0	33.87888888888889
7.2	33.22888888888889
7.4	32.49888888888889
7.6	31.532222222222224
7.8	30.186666666666667
8.0	29.183333333333334
8.2	27.317777777777778
8.4	26.19333333333333
8.6	25.165555555555557
8.8	24.148888888888887
9.0	23.424444444444443
9.2	23.128888888888888
9.4	22.453333333333333
9.6	20.842222222222222
9.8	20.26888888888889
10.0	19.40888888888889
10.2	18.155555555555555
10.4	17.76222222222222
10.6	17.218888888888888
10.8	16.423333333333332
11.0	15.731111111111112
11.2	14.77
11.4	14.63111111111111
11.6	14.056666666666667
11.8	13.637777777777778
12.0	13.027777777777779
12.2	12.43
12.4	12.273333333333333
12.6	11.71111111111111
12.8	11.387777777777778
13.0	10.895555555555555
13.2	10.424444444444445
13.4	10.437777777777777
13.6	10.074444444444444
13.8	9.97
14.0	9.537777777777778
14.2	9.293333333333333
14.4	9.081111111111111
14.6	8.86
14.8	8.726666666666667
15.0	8.285555555555556
15.2	8.256666666666666
15.4	8.098888888888888
15.6	7.562222222222222
15.8	7.52
16.0	7.336666666666667
16.2	6.975555555555555
16.4	7.127777777777778
16.6	6.771111111111111
16.8	6.598888888888889
17.0	6.05
17.2	5.851111111111111
17.4	5.812222222222222
17.6	5.437777777777778
17.8	5.588888888888889
18.0	5.168888888888889
18.2	5.157777777777778
18.4	5.021111111111111
18.6	4.913333333333333
18.8	4.595555555555555
19.0	4.615555555555556
19.2	4.638888888888889
19.4	4.5744444444444445
19.6	4.3244444444444445
19.8	4.225555555555555
20.0	4.057777777777778
20.2	3.901111111111111
20.4	3.8766666666666665
20.6	3.852222222222222
20.8	3.6044444444444443
21.0	3.6955555555555555
21.2	3.5411111111111113
21.4	3.5166666666666666
21.6	3.45
21.8	3.328888888888889
22.0	3.47
22.2	3.292222222222222
22.4	3.4966666666666666
22.6	2.938888888888889
22.8	2.9277777777777776
23.0	3.0
23.2	2.667777777777778
23.4	2.7844444444444445
23.6	2.582222222222222
23.8	2.783333333333333
24.0	2.647777777777778
24.2	2.57
24.4	2.73
24.6	2.5922222222222224
24.8	2.6444444444444444
25.0	2.5366666666666666
25.2	2.3855555555555554
25.4	2.398888888888889
25.6	2.4566666666666666
25.8	2.2777777777777777
26.0	2.2255555555555557
26.2	2.243333333333333
26.4	2.3455555555555554
26.6	2.2066666666666666
26.8	2.132222222222222
27.0	2.101111111111111
27.2	2.158888888888889
27.4	2.2
27.6	2.25
27.8	2.187777777777778
28.0	2.181111111111111
28.2	2.168888888888889
28.4	2.011111111111111
28.6	2.048888888888889
28.8	1.961111111111111
29.0	1.8333333333333333
29.2	1.9433333333333334
29.4	2.046666666666667
29.6	2.037777777777778
29.8	2.0277777777777777
30.0	1.98
30.2	2.1355555555555554
30.4	2.2555555555555555
30.6	1.9044444444444444
30.8	1.8388888888888888
31.0	1.8377777777777777
31.2	1.84
31.4	1.8211111111111111
31.6	1.6688888888888889
31.8	1.6122222222222222
32.0	1.7022222222222223
32.2	2.0122222222222224
32.4	1.8844444444444444
32.6	1.84
32.8	1.6444444444444444
33.0	1.5022222222222221
33.2	1.531111111111111
33.4	1.5555555555555556
33.6	1.54
33.8	1.2655555555555555
34.0	1.3333333333333333
34.2	1.3622222222222222
34.4	1.721111111111111
34.6	1.6288888888888888
34.8	1.3722222222222222
35.0	1.5533333333333332
35.2	1.231111111111111
35.4	1.2922222222222222
35.6	1.3222222222222222
35.8	1.2722222222222221
36.0	1.2955555555555556
36.2	1.1188888888888888
36.4	0.97
36.6	1.1744444444444444
36.8	1.1344444444444444
37.0	1.53
37.2	1.4377777777777778
37.4	1.0433333333333332
37.6	1.0544444444444445
37.8	0.7966666666666666
38.0	1.0033333333333334
38.2	1.1522222222222223
38.4	1.058888888888889
38.6	1.051111111111111
38.8	0.9011111111111111
39.0	1.4077777777777778
39.2	1.3944444444444444
39.4	1.3644444444444443
39.6	1.291111111111111
39.8	0.9788888888888889
40.0	0.96
40.2	1.2555555555555555
40.4	1.1
40.6	1.0744444444444445
40.8	0.9766666666666667
41.0	1.0022222222222221
41.2	1.25
41.4	1.26
41.6	1.3155555555555556
41.8	1.221111111111111
42.0	0.9944444444444445
42.2	0.9544444444444444
42.4	0.8977777777777778
42.6	0.7911111111111111
42.8	0.7611111111111111
43.0	1.248888888888889
43.2	0.83
43.4	0.9677777777777777
43.6	0.9022222222222223
43.8	0.6788888888888889
44.0	0.6844444444444444
44.2	0.8133333333333334
44.4	0.77
44.6	0.8666666666666667
44.8	1.1488888888888888
45.0	0.65
45.2	0.8655555555555555
45.4	0.8233333333333334
45.6	0.8911111111111111
45.8	0.7055555555555556
46.0	0.6666666666666666
46.2	1.0433333333333332
46.4	0.6355555555555555
46.6	0.6333333333333333
46.8	0.7355555555555555
47.0	0.4111111111111111
47.2	0.9077777777777778
47.4	0.8166666666666667
47.6	0.78
47.8	0.5888888888888889
48.0	0.5088888888888888
48.2	0.5977777777777777
48.4	0.9711111111111111
48.6	0.5677777777777778
48.8	0.6777777777777778
49.0	0.6866666666666666
49.2	0.6844444444444444
49.4	0.6644444444444444
49.6	0.6266666666666667
49.8	0.41555555555555557
50.0	0.6922222222222222
50.2	0.6677777777777778
50.4	0.9711111111111111
50.6	0.9388888888888889
50.8	0.4988888888888889
51.0	0.6511111111111111
51.2	0.9055555555555556
51.4	0.6333333333333333
51.6	0.6477777777777778
51.8	0.5322222222222223
52.0	0.6233333333333333
52.2	0.6355555555555555
52.4	0.5766666666666667
52.6	0.5844444444444444
52.8	0.8355555555555556
53.0	0.7211111111111111
53.2	0.53
53.4	0.58
53.6	0.65
53.8	0.6144444444444445
54.0	0.6666666666666666
54.2	0.5288888888888889
54.4	0.4033333333333333
54.6	0.56
54.8	0.6033333333333334
55.0	0.5977777777777777
55.2	0.6322222222222222
55.4	0.8366666666666667
55.6	0.5955555555555555
55.8	0.8188888888888889
56.0	0.5733333333333334
56.2	0.8077777777777778
56.4	0.8211111111111111
56.6	0.5822222222222222
56.8	0.8255555555555556
57.0	0.7911111111111111
57.2	0.6322222222222222
57.4	0.5255555555555556
57.6	0.5555555555555556
57.8	0.5977777777777777
58.0	0.4311111111111111
58.2	0.39555555555555555
58.4	0.6077777777777778
58.6	0.40555555555555556
58.8	0.5577777777777778
59.0	0.5077777777777778
59.2	0.4588888888888889
59.4	0.7633333333333333
59.6	0.5466666666666666
59.8	0.5611111111111111
60.0	0.7211111111111111
