E	I
2.0	0.0022222222222222222
2.2	0.006666666666666667
2.4	0.015555555555555555
2.6	0.03
2.8	0.07777777777777778
3.0	0.23
3.2	0.41555555555555557
3.4	1.1344444444444444
3.6	2.16
3.8	3.7
4.0	5.242222222222222
4.2	7.456666666666667
4.4	9.933333333333334
4.6	12.804444444444444
4.8	14.533333333333333
5.0	17.235555555555557
5.2	19.464444444444446
5.4	21.374444444444446
5.6	22.398888888888887
5.8	23.684444444444445
6.0	23.912222222222223
6.2	23.81
6.4	23.09888888888889
6.6	22.46
6.8	22.162222222222223
7.0	21.08222222222222
7.2	20.462222222222223
7.4	19.616666666666667
7.6	18.446666666666665
7.8	18.13111111111111
8.0	17.621111111111112
8.2	16.97111111111111
8.4	16.385555555555555
8.6	15.7
8.8	15.248888888888889
9.0	15.2
9.2	14.865555555555556
9.4	14.744444444444444
9.6	14.181111111111111
9.8	14.018888888888888
10.0	13.522222222222222
10.2	13.187777777777777
10.4	13.163333333333334
10.6	12.932222222222222
10.8	12.671111111111111
11.0	12.515555555555556
11.2	12.57
11.4	12.127777777777778
11.6	12.318888888888889
11.8	11.96111111111111
12.0	11.875555555555556
12.2	11.645555555555555
12.4	11.076666666666666
12.6	10.88888888888889
12.8	10.447777777777778
13.0	10.36888888888889
13.2	9.887777777777778
13.4	9.591111111111111
13.6	9.327777777777778
13.8	9.29
14.0	8.884444444444444
14.2	9.034444444444444
14.4	8.687777777777777
14.6	8.406666666666666
14.8	8.26
15.0	8.194444444444445
15.2	7.84
15.4	7.865555555555556
15.6	7.661111111111111
15.8	7.554444444444444
16.0	7.554444444444444
16.2	7.307777777777778
16.4	7.225555555555555
16.6	7.231111111111111
16.8	7.148888888888889
17.0	7.134444444444444
17.2	6.808888888888889
17.4	6.653333333333333
17.6	6.598888888888889
17.8	6.518888888888889
18.0	6.32
18.2	6.316666666666666
18.4	6.135555555555555
18.6	6.142222222222222
18.8	5.801111111111111
19.0	5.801111111111111
19.2	6.0744444444444445
19.4	5.668888888888889
19.6	5.722222222222222
19.8	5.514444444444444
20.0	5.297777777777778
20.2	4.904444444444445
20.4	5.027777777777778
20.6	4.762222222222222
20.8	4.641111111111111
21.0	4.5055555555555555
21.2	4.461111111111111
21.4	4.182222222222222
21.6	4.046666666666667
21.8	3.8744444444444444
22.0	4.098888888888889
22.2	3.9155555555555557
22.4	3.781111111111111
22.6	3.283333333333333
22.8	3.1133333333333333
23.0	2.898888888888889
23.2	2.7744444444444443
23.4	2.758888888888889
23.6	2.5077777777777777
23.8	2.6666666666666665
24.0	2.6533333333333333
24.2	2.4144444444444444
24.4	2.486666666666667
24.6	2.4411111111111112
24.8	2.031111111111111
25.0	2.4611111111111112
25.2	1.961111111111111
25.4	2.017777777777778
25.6	2.141111111111111
25.8	1.8477777777777777
26.0	1.9188888888888889
26.2	1.9444444444444444
26.4	1.7933333333333332
26.6	1.798888888888889
26.8	1.6833333333333333
27.0	1.7222222222222223
27.2	1.7677777777777777
27.4	1.6766666666666667
27.6	1.6411111111111112
27.8	1.6533333333333333
28.0	1.5822222222222222
28.2	1.4477777777777778
28.4	1.3277777777777777
28.6	1.4133333333333333
28.8	1.2266666666666666
29.0	1.3166666666666667
29.2	1.248888888888889
29.4	1.34
29.6	1.231111111111111
29.8	1.2877777777777777
30.0	1.19
30.2	1.3455555555555556
30.4	1.4755555555555555
30.6	1.1688888888888889
30.8	0.9866666666666667
31.0	1.15
31.2	1.0644444444444445
31.4	1.0833333333333333
31.6	1.0755555555555556
31.8	1.0277777777777777
32.0	1.08
32.2	1.2466666666666666
32.4	1.261111111111111
32.6	1.3022222222222222
32.8	1.0244444444444445
33.0	1.0344444444444445
33.2	0.9777777777777777
33.4	0.9366666666666666
33.6	1.0177777777777777
33.8	0.7177777777777777
34.0	0.8155555555555556
34.2	0.71
34.4	1.1388888888888888
34.6	1.1444444444444444
34.8	0.9133333333333333
35.0	1.1111111111111112
35.2	0.7033333333333334
35.4	0.7022222222222222
35.6	0.8377777777777777
35.8	0.8722222222222222
36.0	0.7822222222222223
36.2	0.7144444444444444
36.4	0.7577777777777778
36.6	0.82
36.8	0.5766666666666667
37.0	1.0277777777777777
37.2	1.001111111111111
37.4	0.8277777777777777
37.6	0.5622222222222222
37.8	0.6511111111111111
38.0	0.5133333333333333
38.2	1.08
38.4	0.6911111111111111
38.6	0.6433333333333333
38.8	0.8022222222222222
39.0	0.9811111111111112
39.2	0.93
39.4	0.9055555555555556
39.6	0.9166666666666666
39.8	0.5588888888888889
40.0	0.45222222222222225
40.2	0.8733333333333333
40.4	0.6844444444444444
40.6	0.7166666666666667
40.8	0.6866666666666666
41.0	0.7055555555555556
41.2	0.9311111111111111
41.4	0.9844444444444445
41.6	0.9711111111111111
41.8	0.9566666666666667
42.0	0.6577777777777778
42.2	0.6611111111111111
42.4	0.6044444444444445
42.6	0.4722222222222222
42.8	0.43444444444444447
43.0	0.8655555555555555
43.2	0.5055555555555555
43.4	0.6422222222222222
43.6	0.6333333333333333
43.8	0.4411111111111111
44.0	0.4766666666666667
44.2	0.5777777777777777
44.4	0.5755555555555556
44.6	0.48
44.8	0.7666666666666667
45.0	0.6466666666666666
45.2	0.49
45.4	0.5522222222222222
45.6	0.77
45.8	0.55
46.0	0.32
46.2	0.7444444444444445
46.4	0.49333333333333335
46.6	0.5144444444444445
46.8	0.3888888888888889
47.0	0.4722222222222222
47.2	0.6511111111111111
47.4	0.7288888888888889
47.6	0.42
47.8	0.44555555555555554
48.0	0.26222222222222225
48.2	0.48
48.4	0.5966666666666667
48.6	0.4077777777777778
48.8	0.38
49.0	0.38555555555555554
49.2	0.38222222222222224
49.4	0.3477777777777778
49.6	0.3277777777777778
49.8	0.2477777777777778
50.0	0.3477777777777778
50.2	0.33666666666666667
50.4	0.5666666666666667
50.6	0.5911111111111111
50.8	0.18222222222222223
51.0	0.32666666666666666
51.2	0.5922222222222222
51.4	0.32555555555555554
51.6	0.3411111111111111
51.8	0.17888888888888888
52.0	0.31555555555555553
52.2	0.31444444444444447
52.4	0.28888888888888886
52.6	0.35888888888888887
52.8	0.5955555555555555
53.0	0.31222222222222223
53.2	0.2222222222222222
53.4	0.31555555555555553
53.6	0.36666666666666664
53.8	0.3
54.0	0.31777777777777777
54.2	0.31555555555555553
54.4	0.18555555555555556
54.6	0.3233333333333333
54.8	0.3011111111111111
55.0	0.3111111111111111
55.2	0.31444444444444447
55.4	0.49777777777777776
55.6	0.29333333333333333
55.8	0.5144444444444445
56.0	0.3244444444444444
56.2	0.5
56.4	0.4911111111111111
56.6	0.2911111111111111
56.8	0.5688888888888889
57.0	0.5322222222222223
57.2	0.27
57.4	0.2788888888888889
57.6	0.35555555555555557
57.8	0.31444444444444447
58.0	0.20666666666666667
58.2	0.1711111111111111
58.4	0.2866666666666667
58.6	0.16444444444444445
58.8	0.30666666666666664
59.0	0.2833333333333333
59.2	0.26555555555555554
59.4	0.5411111111111111
59.6	0.23555555555555555
59.8	0.31666666666666665
60.0	0.5255555555555556
