E	I
2.0	0.016666666666666666
2.2	0.12111111111111111
2.4	0.33111111111111113
2.6	1.008888888888889
2.8	2.137777777777778
3.0	4.305555555555555
3.2	6.2588888888888885
3.4	9.322222222222223
3.6	12.484444444444444
3.8	15.586666666666666
4.0	19.01
4.2	22.004444444444445
4.4	25.466666666666665
4.6	27.276666666666667
4.8	29.462222222222223
5.0	30.43
5.2	32.221111111111114
5.4	32.35888888888889
5.6	31.70777777777778
5.8	30.92111111111111
6.0	29.61111111111111
6.2	28.43888888888889
6.4	26.627777777777776
6.6	25.014444444444443
6.8	23.83888888888889
7.0	22.266666666666666
7.2	21.252222222222223
7.4	20.58222222222222
7.6	19.63
7.8	19.29
8.0	18.436666666666667
8.2	18.522222222222222
8.4	17.627777777777776
8.6	16.93111111111111
8.8	16.482222222222223
9.0	16.413333333333334
9.2	16.366666666666667
9.4	16.275555555555556
9.6	15.456666666666667
9.8	15.187777777777777
10.0	15.066666666666666
10.2	14.841111111111111
10.4	14.768888888888888
10.6	14.304444444444444
10.8	14.216666666666667
11.0	14.117777777777778
11.2	13.507777777777777
11.4	14.023333333333333
11.6	13.666666666666666
11.8	13.238888888888889
12.0	12.97
12.2	12.828888888888889
12.4	12.366666666666667
12.6	11.47888888888889
12.8	11.352222222222222
13.0	11.0
13.2	10.746666666666666
13.4	10.20888888888889
13.6	9.96
13.8	9.55
14.0	9.577777777777778
14.2	9.011111111111111
14.4	8.824444444444444
14.6	8.76
14.8	8.515555555555556
15.0	8.231111111111112
15.2	8.391111111111112
15.4	7.89
15.6	7.72
15.8	7.6066666666666665
16.0	7.7155555555555555
16.2	7.37
16.4	7.605555555555555
16.6	7.355555555555555
16.8	7.455555555555556
17.0	7.111111111111111
17.2	7.0344444444444445
17.4	6.6033333333333335
17.6	6.641111111111111
17.8	6.671111111111111
18.0	6.4622222222222225
18.2	6.191111111111111
18.4	6.242222222222222
18.6	6.314444444444445
18.8	6.133333333333334
19.0	6.03
19.2	6.022222222222222
19.4	6.022222222222222
19.6	5.898888888888889
19.8	5.757777777777778
20.0	5.51
20.2	5.238888888888889
20.4	5.251111111111111
20.6	4.946666666666666
20.8	4.753333333333333
21.0	4.514444444444444
21.2	4.616666666666666
21.4	4.276666666666666
21.6	4.252222222222223
21.8	4.095555555555555
22.0	3.882222222222222
22.2	3.9344444444444444
22.4	3.84
22.6	3.3355555555555556
22.8	3.1744444444444446
23.0	3.151111111111111
23.2	2.868888888888889
23.4	2.8255555555555554
23.6	2.7088888888888887
23.8	2.8233333333333333
24.0	2.6744444444444446
24.2	2.45
24.4	2.612222222222222
24.6	2.562222222222222
24.8	2.311111111111111
25.0	2.3055555555555554
25.2	2.1944444444444446
25.4	2.0188888888888887
25.6	2.2422222222222223
25.8	1.93
26.0	1.9622222222222223
26.2	1.8388888888888888
26.4	2.05
26.6	1.9833333333333334
26.8	1.8877777777777778
27.0	1.7955555555555556
27.2	1.8533333333333333
27.4	1.8155555555555556
27.6	1.7477777777777779
27.8	1.6333333333333333
28.0	1.7055555555555555
28.2	1.5955555555555556
28.4	1.4944444444444445
28.6	1.5722222222222222
28.8	1.4333333333333333
29.0	1.3044444444444445
29.2	1.3255555555555556
29.4	1.4011111111111112
29.6	1.4622222222222223
29.8	1.3711111111111112
30.0	1.43
30.2	1.5366666666666666
30.4	1.511111111111111
30.6	1.21
30.8	1.2633333333333334
31.0	1.22
31.2	1.2
31.4	1.1877777777777778
31.6	1.1733333333333333
31.8	1.1133333333333333
32.0	1.14
32.2	1.4333333333333333
32.4	1.3688888888888888
32.6	1.3833333333333333
32.8	1.1544444444444444
33.0	1.0922222222222222
33.2	1.08
33.4	1.0611111111111111
33.6	1.0244444444444445
33.8	0.7611111111111111
34.0	0.8633333333333333
34.2	0.7877777777777778
34.4	1.228888888888889
34.6	1.1611111111111112
34.8	0.9233333333333333
35.0	1.208888888888889
35.2	0.7455555555555555
35.4	0.8577777777777778
35.6	0.9122222222222223
35.8	0.8955555555555555
36.0	0.8533333333333334
36.2	0.8977777777777778
36.4	0.7411111111111112
36.6	0.7522222222222222
36.8	0.6611111111111111
37.0	1.1355555555555557
37.2	1.0366666666666666
37.4	0.7944444444444444
37.6	0.6811111111111111
37.8	0.7533333333333333
38.0	0.6255555555555555
38.2	1.0966666666666667
38.4	0.81
38.6	0.6133333333333333
38.8	0.8966666666666666
39.0	1.0144444444444445
39.2	1.0066666666666666
39.4	0.9855555555555555
39.6	0.9288888888888889
39.8	0.61
40.0	0.6344444444444445
40.2	0.9744444444444444
40.4	0.7344444444444445
40.6	0.7155555555555555
40.8	0.73
41.0	0.6933333333333334
41.2	1.0055555555555555
41.4	1.0255555555555556
41.6	0.91
41.8	0.9444444444444444
42.0	0.6833333333333333
42.2	0.6666666666666666
42.4	0.7366666666666667
42.6	0.5177777777777778
42.8	0.5277777777777778
43.0	0.9244444444444444
43.2	0.5666666666666667
43.4	0.6711111111111111
43.6	0.6555555555555556
43.8	0.5133333333333333
44.0	0.47555555555555556
44.2	0.6511111111111111
44.4	0.5588888888888889
44.6	0.5511111111111111
44.8	0.8
45.0	0.6033333333333334
45.2	0.5522222222222222
45.4	0.5288888888888889
45.6	0.7922222222222223
45.8	0.4777777777777778
46.0	0.3844444444444444
46.2	0.74
46.4	0.5422222222222223
46.6	0.5644444444444444
46.8	0.47555555555555556
47.0	0.37444444444444447
47.2	0.7866666666666666
47.4	0.7855555555555556
47.6	0.4166666666666667
47.8	0.5188888888888888
48.0	0.3433333333333333
48.2	0.4677777777777778
48.4	0.6466666666666666
48.6	0.4011111111111111
48.8	0.38222222222222224
49.0	0.39222222222222225
49.2	0.40555555555555556
49.4	0.43
49.6	0.4222222222222222
49.8	0.3488888888888889
50.0	0.34555555555555556
50.2	0.3277777777777778
50.4	0.6188888888888889
50.6	0.6133333333333333
50.8	0.21444444444444444
51.0	0.3988888888888889
51.2	0.55
51.4	0.39222222222222225
51.6	0.3411111111111111
51.8	0.21555555555555556
52.0	0.4122222222222222
52.2	0.35333333333333333
52.4	0.3288888888888889
52.6	0.39111111111111113
52.8	0.61
53.0	0.32555555555555554
53.2	0.19111111111111112
53.4	0.33555555555555555
53.6	0.2866666666666667
53.8	0.3233333333333333
54.0	0.33
54.2	0.3477777777777778
54.4	0.18444444444444444
54.6	0.32
54.8	0.31666666666666665
55.0	0.34
55.2	0.3388888888888889
55.4	0.5655555555555556
55.6	0.2822222222222222
55.8	0.5466666666666666
56.0	0.3522222222222222
56.2	0.5511111111111111
56.4	0.5766666666666667
56.6	0.3288888888888889
56.8	0.5988888888888889
57.0	0.5588888888888889
57.2	0.34
57.4	0.3466666666666667
57.6	0.33555555555555555
57.8	0.31444444444444447
58.0	0.20333333333333334
58.2	0.17777777777777778
58.4	0.3477777777777778
58.6	0.1322222222222222
58.8	0.3566666666666667
59.0	0.31555555555555553
59.2	0.36777777777777776
59.4	0.5488888888888889
59.6	0.3522222222222222
59.8	0.29333333333333333
60.0	0.5188888888888888
