E	I
2.0	0.0011111111111111111
2.2	0.0011111111111111111
2.4	0.0016666666666666666
2.6	0.0025
2.8	0.0030555555555555557
3.0	0.0025
3.2	0.0016666666666666668
3.4	0.0008333333333333334
3.6	0.0
3.8	0.0005555555555555556
4.0	0.0011111111111111111
4.2	0.0022222222222222222
4.4	0.0022222222222222222
4.6	0.0016666666666666666
4.8	0.0011111111111111111
5.0	0.0
5.2	0.0
5.4	0.0
5.6	0.0
5.8	0.0
6.0	0.0
6.2	0.0
6.4	0.0
6.6	0.0
6.8	0.0
7.0	0.0008333333333333334
7.2	0.0008333333333333334
7.4	0.0016666666666666668
7.6	0.0019444444444444446
7.8	0.0011111111111111111
8.0	0.0011111111111111111
8.2	0.0002777777777777778
8.4	0.0
8.6	0.0
8.8	0.0
9.0	0.0002777777777777778
9.2	0.0008333333333333333
9.4	0.0008333333333333333
9.6	0.0008333333333333333
9.8	0.0005555555555555556
10.0	0.0
10.2	0.0
10.4	0.0
10.6	0.0
10.8	0.0
11.0	0.0
11.2	0.0
11.4	0.0
11.6	0.0
11.8	0.0
12.0	0.0
12.2	0.0
12.4	0.0
12.6	0.0
12.8	0.0
13.0	0.0
13.2	0.0
13.4	0.0
13.6	0.0
13.8	0.0
14.0	0.0002777777777777778
14.2	0.0002777777777777778
14.4	0.0002777777777777778
14.6	0.0008333333333333333
14.8	0.0005555555555555556
15.0	0.0005555555555555556
15.2	0.0005555555555555556
15.4	0.0005555555555555556
15.6	0.0008333333333333333
15.8	0.0038888888888888888
16.0	0.011944444444444445
16.2	0.02361111111111111
16.4	0.03944444444444445
16.6	0.07583333333333334
16.8	0.11249999999999999
17.0	0.145
17.2	0.19861111111111113
17.4	0.2441666666666667
17.6	0.3111111111111111
17.8	0.40249999999999997
18.0	0.5030555555555555
18.2	0.6280555555555555
18.4	0.7538888888888888
18.6	0.8911111111111111
18.8	1.0497222222222222
19.0	1.2083333333333333
19.2	1.3797222222222223
19.4	1.5611111111111111
19.6	1.6947222222222225
19.8	1.7727777777777778
20.0	1.8669444444444445
20.2	1.9225
20.4	2.008888888888889
20.6	2.144722222222222
20.8	2.238888888888889
21.0	2.363888888888889
21.2	2.472777777777778
21.4	2.535833333333333
21.6	2.5763888888888893
21.8	2.628611111111111
22.0	2.708055555555555
22.2	2.7911111111111113
22.4	2.7622222222222224
22.6	2.6894444444444447
22.8	2.5869444444444443
23.0	2.438333333333333
23.2	2.4744444444444444
23.4	2.4380555555555556
23.6	2.4294444444444445
23.8	2.4719444444444445
24.0	2.4227777777777777
24.2	2.428611111111111
24.4	2.391111111111111
24.6	2.3249999999999997
24.8	2.323611111111111
25.0	2.2808333333333337
25.2	2.2572222222222225
25.4	2.321111111111111
25.6	2.266111111111111
25.8	2.2919444444444443
26.0	2.3066666666666666
26.2	2.2525
26.4	2.3055555555555554
26.6	2.274166666666667
26.8	2.2905555555555557
27.0	2.3144444444444443
27.2	2.2683333333333335
27.4	2.285
27.6	2.2441666666666666
27.8	2.1983333333333333
28.0	2.166388888888889
28.2	2.1025
28.4	2.070277777777778
28.6	2.0244444444444447
28.8	1.9975
29.0	1.9855555555555555
29.2	1.9127777777777777
29.4	1.9030555555555555
29.6	1.891388888888889
29.8	1.843611111111111
30.0	1.8816666666666666
30.2	1.888611111111111
30.4	1.8283333333333331
30.6	1.7919444444444446
30.8	1.665
31.0	1.533611111111111
31.2	1.4666666666666668
31.4	1.4241666666666668
31.6	1.4002777777777777
31.8	1.3413888888888887
32.0	1.3575
32.2	1.3455555555555556
32.4	1.3691666666666666
32.6	1.3425
32.8	1.2383333333333333
33.0	1.1608333333333332
33.2	1.0222222222222221
33.4	0.9555555555555555
33.6	0.8769444444444445
33.8	0.7825
34.0	0.7352777777777777
34.2	0.7855555555555556
34.4	0.856111111111111
34.6	0.8602777777777777
34.8	0.9163888888888889
35.0	0.7944444444444445
35.2	0.6538888888888889
35.4	0.6322222222222222
35.6	0.5344444444444445
35.8	0.5505555555555556
36.0	0.5661111111111112
36.2	0.49944444444444447
36.4	0.48749999999999993
36.6	0.41833333333333333
36.8	0.4572222222222223
37.0	0.5683333333333334
37.2	0.5791666666666666
37.4	0.5605555555555556
37.6	0.45833333333333337
37.8	0.3375
38.0	0.3636111111111111
38.2	0.4016666666666667
38.4	0.39583333333333337
38.6	0.4405555555555556
38.8	0.4388888888888889
39.0	0.4736111111111111
39.2	0.5663888888888889
39.4	0.5988888888888888
39.6	0.4972222222222222
39.8	0.4091666666666667
40.0	0.4094444444444444
40.2	0.3416666666666667
40.4	0.3705555555555556
40.6	0.40583333333333327
40.8	0.33666666666666667
41.0	0.38555555555555554
41.2	0.4330555555555556
41.4	0.48194444444444445
41.6	0.5511111111111111
41.8	0.5016666666666667
42.0	0.4522222222222222
42.2	0.38833333333333336
42.4	0.2783333333333333
42.6	0.24638888888888888
42.8	0.31138888888888894
43.0	0.2783333333333333
43.2	0.31333333333333335
43.4	0.33999999999999997
43.6	0.2375
43.8	0.23722222222222222
44.0	0.23444444444444446
44.2	0.22722222222222221
44.4	0.25722222222222224
44.6	0.3575
44.8	0.36027777777777775
45.0	0.3772222222222222
45.2	0.3825
45.4	0.3880555555555556
45.6	0.385
45.8	0.34527777777777774
46.0	0.40166666666666667
46.2	0.32055555555555554
46.4	0.3263888888888889
46.6	0.3575
46.8	0.26055555555555554
47.0	0.3088888888888889
47.2	0.3525
47.4	0.35694444444444445
47.6	0.3902777777777778
47.8	0.31555555555555553
48.0	0.26111111111111107
48.2	0.30583333333333335
48.4	0.29833333333333334
48.6	0.3319444444444445
48.8	0.34500000000000003
49.0	0.3080555555555556
49.2	0.31472222222222224
49.4	0.31833333333333336
49.6	0.26666666666666666
49.8	0.2513888888888889
50.0	0.2505555555555556
50.2	0.30083333333333334
50.4	0.38722222222222225
50.6	0.34944444444444445
50.8	0.35138888888888886
51.0	0.34249999999999997
51.2	0.2875
51.4	0.3136111111111111
51.6	0.2725
51.8	0.21916666666666665
52.0	0.21833333333333332
52.2	0.21833333333333332
52.4	0.24444444444444444
52.6	0.29166666666666663
52.8	0.2905555555555555
53.0	0.24472222222222223
53.2	0.23222222222222222
53.4	0.16972222222222222
53.6	0.15722222222222224
53.8	0.19694444444444445
54.0	0.20194444444444445
54.2	0.1786111111111111
54.4	0.17972222222222223
54.6	0.18083333333333335
54.8	0.17138888888888887
55.0	0.19583333333333336
55.2	0.25222222222222224
55.4	0.24083333333333334
55.6	0.2980555555555556
55.8	0.2961111111111111
56.0	0.27055555555555555
56.2	0.3208333333333333
56.4	0.2608333333333333
56.6	0.29666666666666663
56.8	0.30166666666666664
57.0	0.24222222222222223
57.2	0.23694444444444446
57.4	0.19166666666666665
57.6	0.14638888888888887
57.8	0.12055555555555555
58.0	0.10777777777777778
58.2	0.10777777777777778
58.4	0.07694444444444445
58.6	0.10805555555555554
58.8	0.12277777777777778
59.0	0.11833333333333335
59.2	0.18305555555555555
59.4	0.17527777777777775
59.6	0.175
59.8	0.2086111111111111
60.0	0.2038888888888889
