E	I
2.0	0.003611111111111111
2.2	0.003611111111111111
2.4	0.0033333333333333335
2.6	0.004166666666666667
2.8	0.0044444444444444444
3.0	0.0030555555555555557
3.2	0.002777777777777778
3.4	0.0019444444444444444
3.6	0.0005555555555555556
3.8	0.0025
4.0	0.0025
4.2	0.002777777777777778
4.4	0.002777777777777778
4.6	0.0008333333333333333
4.8	0.0002777777777777778
5.0	0.0
5.2	0.0
5.4	0.0
5.6	0.0002777777777777778
5.8	0.0025
6.0	0.008333333333333333
6.2	0.01583333333333333
6.4	0.028333333333333335
6.6	0.04583333333333334
6.8	0.07638888888888888
7.0	0.1486111111111111
7.2	0.22999999999999998
7.4	0.3105555555555556
7.6	0.39055555555555554
7.8	0.3944444444444444
8.0	0.3794444444444444
8.2	0.3702777777777778
8.4	0.3383333333333333
8.6	0.36194444444444446
8.8	0.4425
9.0	0.5763888888888888
9.2	0.7833333333333332
9.4	0.9980555555555555
9.6	1.2194444444444446
9.8	1.5033333333333334
10.0	1.8338888888888887
10.2	2.227777777777778
10.4	2.6141666666666667
10.6	2.9233333333333333
10.8	3.2983333333333333
11.0	3.58
11.2	3.8969444444444443
11.4	4.289166666666667
11.6	4.488055555555556
11.8	4.712777777777777
12.0	4.898333333333333
12.2	4.930833333333333
12.4	4.977222222222222
12.6	5.022222222222222
12.8	4.989444444444445
13.0	4.918055555555555
13.2	4.9025
13.4	4.81
13.6	4.6866666666666665
13.8	4.601111111111111
14.0	4.414166666666667
14.2	4.2725
14.4	4.165555555555556
14.6	4.097222222222222
14.8	3.9808333333333334
15.0	3.860555555555556
15.2	3.74
15.4	3.602222222222222
15.6	3.561111111111111
15.8	3.493055555555556
16.0	3.463888888888889
16.2	3.4544444444444444
16.4	3.4108333333333336
16.6	3.405277777777778
16.8	3.3819444444444446
17.0	3.2905555555555557
17.2	3.2222222222222223
17.4	3.142777777777778
17.6	3.046388888888889
17.8	3.0172222222222222
18.0	2.9691666666666667
18.2	2.9391666666666665
18.4	2.942222222222222
18.6	2.8925
18.8	2.9375
19.0	2.9497222222222224
19.2	2.935833333333333
19.4	2.9555555555555557
19.6	2.91
19.8	2.835277777777778
20.0	2.8230555555555554
20.2	2.75
20.4	2.6669444444444443
20.6	2.6480555555555556
20.8	2.5797222222222222
21.0	2.5991666666666666
21.2	2.647222222222222
21.4	2.67
21.6	2.686388888888889
21.8	2.7086111111111113
22.0	2.723333333333333
22.2	2.7711111111111113
22.4	2.6969444444444446
22.6	2.631111111111111
22.8	2.5297222222222224
23.0	2.373888888888889
23.2	2.3394444444444447
23.4	2.2694444444444444
23.6	2.2444444444444445
23.8	2.255
24.0	2.248611111111111
24.2	2.2544444444444443
24.4	2.216944444444444
24.6	2.1575
24.8	2.1269444444444443
25.0	2.082777777777778
25.2	2.0083333333333333
25.4	1.9908333333333332
25.6	1.951111111111111
25.8	1.9224999999999999
26.0	1.9147222222222222
26.2	1.9152777777777779
26.4	1.9105555555555556
26.6	1.8483333333333334
26.8	1.8447222222222222
27.0	1.8055555555555554
27.2	1.7944444444444445
27.4	1.7927777777777778
27.6	1.7469444444444444
27.8	1.7030555555555558
28.0	1.6375
28.2	1.58
28.4	1.5958333333333334
28.6	1.5286111111111111
28.8	1.4597222222222224
29.0	1.411388888888889
29.2	1.355
29.4	1.3405555555555555
29.6	1.347222222222222
29.8	1.3794444444444445
30.0	1.4130555555555555
30.2	1.4655555555555555
30.4	1.441111111111111
30.6	1.4038888888888887
30.8	1.2916666666666665
31.0	1.1897222222222223
31.2	1.1555555555555554
31.4	1.1183333333333334
31.6	1.1030555555555557
31.8	1.065
32.0	1.1144444444444446
32.2	1.1580555555555556
32.4	1.1852777777777779
32.6	1.1922222222222223
32.8	1.093611111111111
33.0	1.0272222222222223
33.2	0.9516666666666667
33.4	0.9280555555555556
33.6	0.8719444444444445
33.8	0.8055555555555556
34.0	0.7605555555555555
34.2	0.8069444444444444
34.4	0.9130555555555555
34.6	0.9413888888888888
34.8	1.0280555555555555
35.0	0.9180555555555556
35.2	0.8005555555555556
35.4	0.7805555555555554
35.6	0.6961111111111111
35.8	0.7102777777777778
36.0	0.726388888888889
36.2	0.6388888888888888
36.4	0.6308333333333334
36.6	0.5972222222222222
36.8	0.6555555555555556
37.0	0.7847222222222222
37.2	0.7438888888888889
37.4	0.7252777777777778
37.6	0.591388888888889
37.8	0.4850000000000001
38.0	0.5166666666666666
38.2	0.5575
38.4	0.586111111111111
38.6	0.5830555555555557
38.8	0.6397222222222223
39.0	0.7002777777777778
39.2	0.7805555555555557
39.4	0.8833333333333334
39.6	0.7855555555555556
39.8	0.6722222222222223
40.0	0.678611111111111
40.2	0.6027777777777777
40.4	0.6291666666666667
40.6	0.6744444444444445
40.8	0.6033333333333333
41.0	0.6522222222222223
41.2	0.706111111111111
41.4	0.7522222222222222
41.6	0.8072222222222222
41.8	0.7597222222222222
42.0	0.6988888888888889
42.2	0.6213888888888889
42.4	0.5266666666666666
42.6	0.4633333333333334
42.8	0.5172222222222222
43.0	0.47944444444444445
43.2	0.5088888888888888
43.4	0.5611111111111111
43.6	0.4822222222222222
43.8	0.48944444444444446
44.0	0.4963888888888889
44.2	0.4561111111111111
44.4	0.4669444444444445
44.6	0.5508333333333333
44.8	0.48944444444444446
45.0	0.5002777777777777
45.2	0.5011111111111112
45.4	0.4580555555555556
45.6	0.4786111111111111
45.8	0.4502777777777778
46.0	0.4913888888888889
46.2	0.4380555555555556
46.4	0.4375
46.6	0.4541666666666666
46.8	0.3258333333333333
47.0	0.41194444444444445
47.2	0.44249999999999995
47.4	0.4419444444444444
47.6	0.4880555555555556
47.8	0.38222222222222224
48.0	0.3255555555555555
48.2	0.37444444444444447
48.4	0.37416666666666665
48.6	0.41694444444444445
48.8	0.43527777777777776
49.0	0.37277777777777776
49.2	0.37222222222222223
49.4	0.3458333333333333
49.6	0.30500000000000005
49.8	0.3055555555555556
50.0	0.32166666666666666
50.2	0.4094444444444445
50.4	0.5055555555555556
50.6	0.47277777777777785
50.8	0.46972222222222226
51.0	0.4386111111111111
51.2	0.3755555555555556
51.4	0.4147222222222222
51.6	0.3666666666666667
51.8	0.3080555555555555
52.0	0.30722222222222223
52.2	0.29388888888888887
52.4	0.3225
52.6	0.3666666666666667
52.8	0.3738888888888889
53.0	0.33555555555555555
53.2	0.3275
53.4	0.26166666666666666
53.6	0.2377777777777778
53.8	0.2758333333333333
54.0	0.26944444444444443
54.2	0.24277777777777776
54.4	0.2425
54.6	0.22749999999999998
54.8	0.22916666666666666
55.0	0.2633333333333333
55.2	0.31194444444444447
55.4	0.3008333333333333
55.6	0.36138888888888887
55.8	0.35027777777777774
56.0	0.3363888888888889
56.2	0.4022222222222222
56.4	0.3302777777777778
56.6	0.3758333333333333
56.8	0.38805555555555554
57.0	0.33416666666666667
57.2	0.32638888888888884
57.4	0.2833333333333333
57.6	0.22833333333333333
57.8	0.18638888888888888
58.0	0.16694444444444442
58.2	0.1522222222222222
58.4	0.11277777777777777
58.6	0.13722222222222222
58.8	0.1602777777777778
59.0	0.1652777777777778
59.2	0.24333333333333335
59.4	0.2363888888888889
59.6	0.22999999999999998
59.8	0.28305555555555556
60.0	0.28833333333333333
