E	I
2.0	0.016642011834319525
2.2	0.01664201183431953
2.4	0.014053254437869823
2.6	0.021819526627218935
2.8	0.03254437869822485
3.0	0.10318047337278106
3.2	0.7958579881656804
3.4	2.510355029585799
3.6	5.233727810650887
3.8	9.246671597633137
4.0	13.66715976331361
4.2	17.98187869822485
4.4	21.95155325443787
4.6	25.610946745562128
4.8	28.783653846153847
5.0	31.25
5.2	33.18343195266272
5.4	33.98224852071006
5.6	34.13461538461539
5.8	33.56397928994083
6.0	32.25369822485207
6.2	30.728180473372777
6.4	28.798446745562128
6.6	27.039940828402365
6.8	25.495562130177515
7.0	24.070636094674555
7.2	22.87832840236687
7.4	21.88868343195266
7.6	21.125
7.8	20.4792899408284
8.0	19.940088757396452
8.2	19.46560650887574
8.4	19.007026627218934
8.6	18.387204142011836
8.8	18.024408284023668
9.0	17.562869822485208
9.2	17.324704142011832
9.4	17.173816568047336
9.6	16.97078402366864
9.8	16.832100591715975
10.0	16.529955621301774
10.2	16.285872781065088
10.4	16.066937869822485
10.6	15.870192307692308
10.8	15.703772189349113
11.0	15.554363905325445
11.2	15.34800295857988
11.4	15.19637573964497
11.6	15.096893491124261
11.8	15.050665680473372
12.0	15.043269230769232
12.2	14.812130177514794
12.4	14.55362426035503
12.6	14.164201183431953
12.8	13.626479289940828
13.0	13.20007396449704
13.2	12.66715976331361
13.4	12.21042899408284
13.6	11.783284023668639
13.8	11.387943786982248
14.0	11.022559171597631
14.2	10.774038461538463
14.4	10.5521449704142
14.6	10.381656804733728
14.8	10.144230769230768
15.0	9.882766272189349
15.2	9.666789940828401
15.4	9.413091715976332
15.6	9.34689349112426
15.8	9.245562130177515
16.0	9.097263313609467
16.2	9.11612426035503
16.4	9.101701183431953
16.6	9.038461538461538
16.8	8.97041420118343
17.0	8.806582840236686
17.2	8.569156804733728
17.4	8.337647928994082
17.6	8.181582840236686
17.8	8.059171597633135
18.0	7.929733727810651
18.2	7.838387573964496
18.4	7.731139053254438
18.6	7.558801775147929
18.8	7.535502958579881
19.0	7.474852071005917
19.2	7.40939349112426
19.4	7.3735207100591715
19.6	7.179363905325443
19.8	7.054363905325444
20.0	6.838757396449704
20.2	6.585059171597632
20.4	6.433062130177515
20.6	6.231878698224852
20.8	6.042899408284024
21.0	5.924926035502958
21.2	5.73853550295858
21.4	5.5765532544378695
21.6	5.427514792899409
21.8	5.303994082840237
22.0	5.144600591715976
22.2	4.948224852071006
22.4	4.699704142011834
22.6	4.361686390532545
22.8	4.101701183431953
23.0	3.862056213017751
23.2	3.7348372781065087
23.4	3.6013313609467454
23.6	3.459689349112426
23.8	3.3487426035502956
24.0	3.1360946745562126
24.2	3.043639053254438
24.4	2.955621301775148
24.6	2.8694526627218933
24.8	2.899408284023669
25.0	2.807322485207101
25.2	2.7625739644970415
25.4	2.7019230769230766
25.6	2.5883875739644973
25.8	2.535502958579882
26.0	2.433062130177515
26.2	2.373520710059172
26.4	2.345414201183432
26.6	2.2851331360946747
26.8	2.282174556213018
27.0	2.2159763313609466
27.2	2.1678994082840237
27.4	2.144230769230769
27.6	2.084319526627219
27.8	2.058062130177515
28.0	2.01405325443787
28.2	1.9319526627218935
28.4	1.9238165680473374
28.6	1.857248520710059
28.8	1.794748520710059
29.0	1.7784763313609466
29.2	1.7159763313609466
29.4	1.73594674556213
29.6	1.7255917159763312
29.8	1.7034023668639053
30.0	1.7329881656804733
30.2	1.7518491124260354
30.4	1.7185650887573964
30.6	1.6989644970414202
30.8	1.6409023668639056
31.0	1.5443786982248522
31.2	1.5369822485207099
31.4	1.52551775147929
31.6	1.5007396449704142
31.8	1.4881656804733727
32.0	1.5602810650887573
32.2	1.621671597633136
32.4	1.654585798816568
32.6	1.6449704142011834
32.8	1.5506656804733727
33.0	1.4411982248520712
33.2	1.3332100591715976
33.4	1.2973372781065091
33.6	1.2196745562130178
33.8	1.1660502958579881
34.0	1.1486686390532546
34.2	1.2100591715976332
34.4	1.2784763313609466
34.6	1.3169378698224852
34.8	1.3812869822485205
35.0	1.265162721893491
35.2	1.157544378698225
35.4	1.1331360946745561
35.6	1.0687869822485208
35.8	1.0865384615384617
36.0	1.0894970414201184
36.2	0.9652366863905326
36.4	0.9304733727810652
36.6	0.8280325443786983
36.8	0.9012573964497042
37.0	1.040680473372781
37.2	0.9693047337278107
37.4	1.0
37.6	0.8202662721893492
37.8	0.7193047337278108
38.0	0.7614644970414202
38.2	0.764792899408284
38.4	0.823594674556213
38.6	0.790680473372781
38.8	0.8746301775147929
39.0	0.9704142011834319
39.2	1.0739644970414202
39.4	1.2045118343195267
39.6	1.073224852071006
39.8	0.9386094674556213
40.0	0.9301035502958579
40.2	0.8746301775147929
40.4	0.9175295857988166
40.6	0.985207100591716
40.8	0.922707100591716
41.0	0.9800295857988166
41.2	1.0377218934911243
41.4	1.0872781065088757
41.6	1.140162721893491
41.8	1.0606508875739644
42.0	1.0025887573964498
42.2	0.9234467455621301
42.4	0.8147189349112426
42.6	0.7721893491124261
42.8	0.8139792899408285
43.0	0.7651627218934912
43.2	0.8088017751479291
43.4	0.8369082840236686
43.6	0.7230029585798816
43.8	0.7011834319526628
44.0	0.6786242603550295
44.2	0.5968934911242604
44.4	0.6305473372781065
44.6	0.7492603550295858
44.8	0.6819526627218935
45.0	0.7529585798816568
45.2	0.7629437869822485
45.4	0.7074704142011834
45.6	0.7052514792899408
45.8	0.6608727810650887
46.0	0.6923076923076923
46.2	0.6172337278106508
46.4	0.6449704142011834
46.6	0.6482988165680474
46.8	0.49593195266272183
47.0	0.5547337278106509
47.2	0.5954142011834319
47.4	0.5824704142011834
47.6	0.6372041420118343
47.8	0.5347633136094675
48.0	0.4552514792899408
48.2	0.514792899408284
48.4	0.5306952662721893
48.6	0.5625
48.8	0.5680473372781065
49.0	0.48372781065088755
49.2	0.46338757396449703
49.4	0.46227810650887574
49.6	0.41789940828402367
49.8	0.4308431952662722
50.0	0.4375
50.2	0.5014792899408284
50.4	0.6098372781065089
50.6	0.5539940828402368
50.8	0.5532544378698225
51.0	0.555103550295858
51.2	0.5033284023668639
51.4	0.5392011834319527
51.6	0.48927514792899407
51.8	0.41161242603550297
52.0	0.41420118343195267
52.2	0.41642011834319526
52.4	0.44748520710059175
52.6	0.5177514792899408
52.8	0.5210798816568047
53.0	0.4918639053254438
53.2	0.485576923076923
53.4	0.41863905325443784
53.6	0.40088757396449703
53.8	0.4319526627218935
54.0	0.4349112426035503
54.2	0.39866863905325445
54.4	0.3775887573964497
54.6	0.3657544378698225
54.8	0.37943786982248523
55.0	0.4286242603550296
55.2	0.49149408284023666
55.4	0.5192307692307692
55.6	0.5706360946745562
55.8	0.5536242603550295
56.0	0.5602810650887574
56.2	0.5998520710059172
56.4	0.5321745562130178
56.6	0.6002218934911242
56.8	0.6124260355029586
57.0	0.5428994082840237
57.2	0.5791420118343195
57.4	0.5177514792899408
57.6	0.4552514792899408
57.8	0.4219674556213018
58.0	0.3801775147928994
58.2	0.378698224852071
58.4	0.33579881656804733
58.6	0.4023668639053254
58.8	0.45007396449704146
59.0	0.477810650887574
59.2	0.6305473372781065
59.4	0.6416420118343196
59.6	0.6301775147928994
59.8	0.672707100591716
60.0	0.632396449704142
