E	I
2.0	0.005917159763313609
2.2	0.005917159763313609
2.4	0.00628698224852071
2.6	0.008136094674556213
2.8	0.007766272189349112
3.0	0.011834319526627219
3.2	0.02662721893491124
3.4	0.07729289940828402
3.6	0.2422337278106509
3.8	0.6719674556213018
4.0	1.4526627218934913
4.2	2.643121301775148
4.4	4.31508875739645
4.6	6.4704142011834325
4.8	8.794008875739646
5.0	11.36612426035503
5.2	13.865014792899409
5.4	16.445636094674555
5.6	18.86501479289941
5.8	21.09837278106509
6.0	22.98853550295858
6.2	24.252588757396452
6.4	25.09689349112426
6.6	25.359467455621303
6.8	25.44415680473373
7.0	25.132396449704142
7.2	24.84319526627219
7.4	24.43491124260355
7.6	23.82026627218935
7.8	23.124260355029588
8.0	22.274038461538463
8.2	21.36094674556213
8.4	20.49445266272189
8.6	19.764792899408285
8.8	19.22041420118343
9.0	18.744082840236686
9.2	18.341346153846153
9.4	18.077292899408285
9.6	17.661612426035504
9.8	17.428254437869825
10.0	17.151257396449704
10.2	16.937130177514796
10.4	16.750739644970416
10.6	16.412721893491124
10.8	16.241494082840234
11.0	15.917899408284024
11.2	15.711538461538462
11.4	15.555843195266272
11.6	15.380917159763314
11.8	15.275887573964496
12.0	15.140532544378699
12.2	14.933801775147927
12.4	14.727440828402369
12.6	14.355029585798817
12.8	13.970784023668639
13.0	13.621671597633137
13.2	13.157174556213018
13.4	12.901627218934912
13.6	12.541789940828403
13.8	12.315828402366863
14.0	12.064349112426036
14.2	11.721153846153847
14.4	11.410133136094675
14.6	11.116863905325445
14.8	10.839497041420117
15.0	10.636094674556215
15.2	10.45784023668639
15.4	10.230029585798817
15.6	10.100591715976332
15.8	9.910502958579881
16.0	9.771819526627219
16.2	9.6926775147929
16.4	9.612056213017752
16.6	9.509245562130177
16.8	9.425295857988166
17.0	9.288091715976332
17.2	9.10576923076923
17.4	8.965976331360945
17.6	8.764053254437869
17.8	8.531434911242604
18.0	8.348742603550296
18.2	8.211538461538462
18.4	8.149778106508876
18.6	8.083210059171599
18.8	8.049556213017752
19.0	7.99741124260355
19.2	7.883875739644971
19.4	7.84430473372781
19.6	7.644600591715976
19.8	7.430473372781066
20.0	7.204881656804734
20.2	6.949704142011834
20.4	6.736686390532545
20.6	6.504437869822485
20.8	6.302144970414202
21.0	6.202662721893491
21.2	6.080251479289941
21.4	5.8953402366863905
21.6	5.779955621301775
21.8	5.5203402366863905
22.0	5.384985207100591
22.2	5.27292899408284
22.4	5.021819526627219
22.6	4.7078402366863905
22.8	4.416789940828402
23.0	4.109837278106509
23.2	3.9289940828402363
23.4	3.8258136094674557
23.6	3.6997041420118344
23.8	3.6457100591715976
24.0	3.547337278106509
24.2	3.526627218934911
24.4	3.433431952662722
24.6	3.3243343195266273
24.8	3.223742603550296
25.0	3.087278106508876
25.2	2.989644970414201
25.4	2.9356508875739644
25.6	2.885724852071006
25.8	2.7818047337278107
26.0	2.7004437869822486
26.2	2.6290680473372783
26.4	2.6050295857988166
26.6	2.584689349112426
26.8	2.6020710059171597
27.0	2.5388313609467454
27.2	2.4471153846153846
27.4	2.4223372781065087
27.6	2.3705621301775146
27.8	2.3380177514792897
28.0	2.3065828402366866
28.2	2.2429733727810652
28.4	2.147559171597633
28.6	2.0591715976331364
28.8	2.0125739644970415
29.0	1.953032544378698
29.2	1.9378698224852071
29.4	1.9519230769230769
29.6	1.9282544378698225
29.8	1.9297337278106508
30.0	1.9822485207100593
30.2	2.0136834319526624
30.4	1.9770710059171597
30.6	1.967455621301775
30.8	1.8590976331360947
31.0	1.7481508875739644
31.2	1.7237426035502958
31.4	1.7085798816568047
31.6	1.6789940828402368
31.8	1.6863905325443787
32.0	1.7559171597633139
32.2	1.7928994082840237
32.4	1.8468934911242605
32.6	1.8139792899408282
32.8	1.6989644970414202
33.0	1.5680473372781065
33.2	1.4859467455621302
33.4	1.4567307692307692
33.6	1.4245562130177514
33.8	1.4086538461538463
34.0	1.342085798816568
34.2	1.4197485207100593
34.4	1.489275147928994
34.6	1.477810650887574
34.8	1.566568047337278
35.0	1.415680473372781
35.2	1.2729289940828403
35.4	1.2851331360946745
35.6	1.1967455621301775
35.8	1.216715976331361
36.0	1.2400147928994083
36.2	1.1305473372781065
36.4	1.1079881656804733
36.6	1.0625
36.8	1.1090976331360947
37.0	1.2599852071005917
37.2	1.2111686390532546
37.4	1.2255917159763314
37.6	1.0987426035502958
37.8	0.9515532544378699
38.0	1.0059171597633136
38.2	0.9892751479289941
38.4	0.9940828402366864
38.6	1.0011094674556213
38.8	1.040310650887574
39.0	1.1009615384615383
39.2	1.2211538461538463
39.4	1.3280325443786982
39.6	1.2137573964497042
39.8	1.1275887573964496
40.0	1.1050295857988166
40.2	0.9940828402366865
40.4	1.0303254437869822
40.6	1.066198224852071
40.8	1.0118343195266273
41.0	1.117233727810651
41.2	1.1875
41.4	1.2440828402366864
41.6	1.282914201183432
41.8	1.2011834319526626
42.0	1.1035502958579881
42.2	1.0310650887573964
42.4	0.9400887573964497
42.6	0.886094674556213
42.8	0.9840976331360947
43.0	0.9382396449704142
43.2	0.9678254437869822
43.4	1.0081360946745561
43.6	0.8731508875739644
43.8	0.8594674556213018
44.0	0.8461538461538461
44.2	0.8128698224852071
44.4	0.8335798816568047
44.6	0.9345414201183432
44.8	0.9101331360946745
45.0	0.9201183431952662
45.2	0.9134615384615384
45.4	0.8724112426035503
45.6	0.8431952662721894
45.8	0.794008875739645
46.0	0.8450443786982248
46.2	0.7784763313609468
46.4	0.7888313609467457
46.6	0.8047337278106509
46.8	0.6675295857988166
47.0	0.7403846153846154
47.2	0.7988165680473372
47.4	0.7803254437869823
47.6	0.8280325443786982
47.8	0.7004437869822484
48.0	0.6268491124260355
48.2	0.6841715976331361
48.4	0.6812130177514794
48.6	0.7178254437869822
48.8	0.7115384615384616
49.0	0.6357248520710059
49.2	0.610576923076923
49.4	0.6042899408284024
49.6	0.5517751479289941
49.8	0.547707100591716
50.0	0.5832100591715976
50.2	0.6446005917159763
50.4	0.7596153846153846
50.6	0.7377958579881657
50.8	0.7141272189349113
51.0	0.7178254437869823
51.2	0.6523668639053254
51.4	0.6638313609467454
51.6	0.6168639053254439
51.8	0.5473372781065089
52.0	0.5406804733727811
52.2	0.5473372781065089
52.4	0.584319526627219
52.6	0.6449704142011835
52.8	0.6438609467455622
53.0	0.5950443786982249
53.2	0.595784023668639
53.4	0.525887573964497
53.6	0.5295857988165681
53.8	0.5691568047337279
54.0	0.5832100591715976
54.2	0.5469674556213018
54.4	0.5192307692307693
54.6	0.5343934911242603
54.8	0.5262573964497042
55.0	0.5784023668639053
55.2	0.6549556213017751
55.4	0.6316568047337279
55.6	0.6941568047337279
55.8	0.6841715976331362
56.0	0.6723372781065089
56.2	0.7699704142011835
56.4	0.7082100591715976
56.6	0.7892011834319527
56.8	0.8224852071005918
57.0	0.7555473372781065
57.2	0.7551775147928994
57.4	0.6830621301775148
57.6	0.6068786982248521
57.8	0.5595414201183432
58.0	0.5532544378698224
58.2	0.5536242603550295
58.4	0.5103550295857988
58.6	0.569896449704142
58.8	0.5935650887573964
59.0	0.5920857988165681
59.2	0.713387573964497
59.4	0.7089497041420119
59.6	0.7107988165680474
59.8	0.7951183431952662
60.0	0.8069526627218935
