E	I
2.0	253.30251479289942
2.2	253.30251479289942
2.4	248.133875739645
2.6	237.66235207100593
2.8	227.53365384615387
3.0	217.5055473372781
3.2	208.00776627218934
3.4	198.84874260355028
3.6	189.75776627218934
3.8	180.78772189349112
4.0	171.76775147928993
4.2	162.50850591715977
4.4	152.6756656804734
4.6	142.2093195266272
4.8	130.66863905325442
5.0	118.48150887573965
5.2	106.47596153846155
5.4	95.37943786982248
5.6	86.00184911242604
5.8	79.0784023668639
6.0	74.37758875739645
6.2	71.04252958579882
6.4	69.24778106508876
6.6	67.94193786982248
6.8	66.7703402366864
7.0	66.14866863905326
7.2	65.3646449704142
7.4	64.6826923076923
7.6	64.44008875739645
7.8	64.0103550295858
8.0	63.734837278106504
8.2	63.2030325443787
8.4	62.020340236686394
8.6	60.854659763313606
8.8	59.161982248520715
9.0	57.444526627218934
9.2	55.64940828402367
9.4	53.180103550295854
9.6	50.67862426035502
9.8	47.80584319526626
10.0	44.843565088757394
10.2	41.853550295857985
10.4	38.70377218934911
10.6	35.86279585798816
10.8	33.18010355029586
11.0	30.95636094674556
11.2	29.398668639053255
11.4	28.242603550295858
11.6	27.493343195266274
11.8	27.12980769230769
12.0	27.053254437869825
12.2	27.255177514792898
12.4	27.900517751479292
12.6	28.649408284023668
12.8	29.748150887573964
13.0	30.8646449704142
13.2	31.73594674556213
13.4	32.67159763313609
13.6	33.288831360946745
13.8	33.836168639053255
14.0	34.27736686390533
14.2	34.520340236686394
14.4	34.761464497041416
14.6	34.954511834319526
14.8	35.017011834319526
15.0	35.12721893491125
15.2	34.96190828402367
15.4	34.68639053254438
15.6	34.37906804733728
15.8	33.87943786982248
16.0	33.38720414201183
16.2	32.69970414201183
16.4	32.01960059171598
16.6	31.172337278106507
16.8	30.324334319526628
17.0	29.734097633136095
17.2	28.85465976331361
17.4	27.94748520710059
17.6	27.028846153846153
17.8	25.767381656804734
18.0	24.712647928994084
18.2	23.77034023668639
18.4	22.730029585798817
18.6	21.733727810650883
18.8	20.557692307692307
19.0	19.379068047337277
19.2	18.179363905325445
19.4	17.023298816568047
19.6	16.003328402366865
19.8	14.992233727810653
20.0	13.954511834319527
20.2	12.834689349112427
20.4	11.758136094674557
20.6	10.79215976331361
20.8	9.971523668639053
21.0	9.301775147928995
21.2	8.6875
21.4	8.109097633136095
21.6	7.584319526627219
21.8	7.203402366863905
22.0	6.865014792899408
22.2	6.514792899408285
22.4	6.088387573964497
22.6	5.617973372781066
22.8	5.208579881656805
23.0	4.865014792899409
23.2	4.6198224852071
23.4	4.4426775147929
23.6	4.23853550295858
23.8	4.11612426035503
24.0	4.004437869822485
24.2	3.8927514792899407
24.4	3.8239644970414197
24.6	3.663091715976331
24.8	3.6471893491124256
25.0	3.5284763313609466
25.2	3.453032544378698
25.4	3.485207100591716
25.6	3.3883136094674557
25.8	3.394230769230769
26.0	3.390902366863905
26.2	3.4212278106508873
26.4	3.458949704142012
26.6	3.5613905325443787
26.8	3.6634615384615383
27.0	3.712647928994083
27.2	3.8520710059171597
27.4	3.9289940828402368
27.6	4.038461538461538
27.8	4.156065088757396
28.0	4.222263313609467
28.2	4.302144970414202
28.4	4.3801775147929
28.6	4.415310650887575
28.8	4.440828402366865
29.0	4.4389792899408285
29.2	4.475961538461538
29.4	4.513313609467455
29.6	4.5
29.8	4.50628698224852
30.0	4.50258875739645
30.2	4.468934911242604
30.4	4.39423076923077
30.6	4.265162721893492
30.8	4.019230769230769
31.0	3.785502958579882
31.2	3.5832100591715976
31.4	3.38905325443787
31.6	3.210798816568047
31.8	3.0395710059171597
32.0	2.9552514792899407
32.2	2.8812869822485205
32.4	2.809171597633136
32.6	2.694896449704142
32.8	2.5251479289940826
33.0	2.367233727810651
33.2	2.206360946745562
33.4	2.106508875739645
33.6	1.9744822485207103
33.8	1.8565088757396448
34.0	1.8047337278106508
34.2	1.8139792899408285
34.4	1.9038461538461537
34.6	1.900147928994083
34.8	1.941198224852071
35.0	1.8335798816568047
35.2	1.6789940828402368
35.4	1.669008875739645
35.6	1.5691568047337277
35.8	1.5650887573964496
36.0	1.5761834319526626
36.2	1.4948224852071006
36.4	1.485576923076923
36.6	1.434171597633136
36.8	1.4840976331360947
37.0	1.6020710059171597
37.2	1.5769230769230769
37.4	1.5750739644970415
37.6	1.4375
37.8	1.3265532544378698
38.0	1.3742603550295858
38.2	1.4101331360946747
38.4	1.4016272189349113
38.6	1.3812869822485208
38.8	1.3613165680473374
39.0	1.4127218934911243
39.2	1.5392011834319526
39.4	1.5913461538461537
39.6	1.502958579881657
39.8	1.363165680473373
40.0	1.3302514792899407
40.2	1.2762573964497042
40.4	1.3021449704142012
40.6	1.3261834319526626
40.8	1.2511094674556213
41.0	1.337278106508876
41.2	1.3738905325443789
41.4	1.4730029585798816
41.6	1.5684171597633134
41.8	1.5014792899408285
42.0	1.4497041420118344
42.2	1.3420857988165682
42.4	1.1989644970414202
42.6	1.1412721893491125
42.8	1.194526627218935
43.0	1.1612426035502958
43.2	1.2119082840236686
43.4	1.2233727810650887
43.6	1.0935650887573962
43.8	1.0569526627218935
44.0	1.0288461538461537
44.2	0.974112426035503
44.4	0.9907544378698225
44.6	1.0761834319526629
44.8	1.029215976331361
45.0	1.0351331360946745
45.2	1.0181213017751478
45.4	0.9774408284023669
45.6	0.9578402366863906
45.8	0.9408284023668639
46.0	0.9985207100591716
46.2	0.9489644970414202
46.4	0.9611686390532544
46.6	0.9685650887573964
46.8	0.853180473372781
47.0	0.9330621301775148
47.2	0.9644970414201184
47.4	0.9589497041420117
47.6	0.9689349112426036
47.8	0.8380177514792899
48.0	0.7951183431952662
48.2	0.8653846153846154
48.4	0.897189349112426
48.6	0.945266272189349
48.8	0.9445266272189349
49.0	0.8731508875739645
49.2	0.8809171597633136
49.4	0.8635355029585798
49.6	0.8084319526627219
49.8	0.8121301775147929
50.0	0.7947485207100592
50.2	0.856508875739645
50.4	0.9715236686390533
50.6	0.907914201183432
50.8	0.9130917159763314
51.0	0.9367603550295859
51.2	0.8886834319526626
51.4	0.9460059171597633
51.6	0.9186390532544378
51.8	0.8513313609467456
52.0	0.838387573964497
52.2	0.8324704142011834
52.4	0.8579881656804733
52.6	0.9360207100591716
52.8	0.944526627218935
53.0	0.9175295857988165
53.2	0.9371301775147929
53.4	0.863905325443787
53.6	0.8520710059171597
53.8	0.8872041420118344
54.0	0.8816568047337278
54.2	0.8398668639053254
54.4	0.8505917159763313
54.6	0.8627958579881656
54.8	0.8960798816568047
55.0	0.9622781065088757
55.2	1.0458579881656804
55.4	1.0665680473372783
55.6	1.1127958579881656
55.8	1.0943047337278107
56.0	1.0898668639053253
56.2	1.165310650887574
56.4	1.122041420118343
56.6	1.198594674556213
56.8	1.2218934911242605
57.0	1.1608727810650887
57.2	1.1479289940828403
57.4	1.077662721893491
57.6	1.022189349112426
57.8	0.9770710059171598
58.0	0.9530325443786982
58.2	0.9763313609467457
58.4	0.9360207100591715
58.6	0.9648668639053255
58.8	0.9907544378698225
59.0	0.9807692307692308
59.2	1.0673076923076923
59.4	1.0628698224852071
59.6	1.0617603550295858
59.8	1.0928254437869822
60.0	1.0595414201183433
