E	I
2.0	12.811020710059172
2.2	12.811020710059172
2.4	17.592455621301774
2.6	26.42233727810651
2.8	34.56102071005917
3.0	42.06471893491124
3.2	48.117973372781066
3.4	52.83025147928994
3.6	56.44119822485207
3.8	58.40976331360947
4.0	58.97300295857988
4.2	58.23890532544379
4.4	56.265162721893496
4.6	53.42973372781065
4.8	50.29622781065088
5.0	47.31471893491124
5.2	44.830621301775146
5.4	42.998520710059175
5.6	41.69193786982248
5.8	40.63276627218935
6.0	39.9530325443787
6.2	39.21264792899408
6.4	38.63239644970414
6.6	38.067307692307686
6.8	37.50480769230769
7.0	36.938239644970416
7.2	36.29844674556213
7.4	35.685650887573956
7.6	34.75887573964497
7.8	33.68306213017751
8.0	32.273298816568044
8.2	30.84282544378698
8.4	29.42085798816568
8.6	28.04844674556213
8.8	26.94526627218935
9.0	26.052884615384613
9.2	25.306582840236686
9.4	24.398298816568047
9.6	23.54992603550296
9.8	22.51257396449704
10.0	21.35465976331361
10.2	20.461908284023668
10.4	19.558431952662723
10.6	18.688239644970416
10.8	17.918639053254438
11.0	17.06360946745562
11.2	16.352810650887573
11.4	15.694526627218936
11.6	15.134615384615385
11.8	14.608727810650889
12.0	13.94526627218935
12.2	13.457100591715976
12.4	12.9323224852071
12.6	12.507766272189349
12.8	12.145710059171599
13.0	11.615014792899409
13.2	11.268860946745562
13.4	10.899778106508876
13.6	10.621301775147929
13.8	10.402736686390533
14.0	10.123520710059172
14.2	9.892751479289942
14.4	9.59948224852071
14.6	9.351331360946746
14.8	9.055843195266272
15.0	8.840976331360947
15.2	8.66937869822485
15.4	8.372041420118343
15.6	8.17233727810651
15.8	7.916420118343196
16.0	7.602440828402367
16.2	7.507026627218934
16.4	7.282914201183432
16.6	7.076183431952663
16.8	6.8202662721893486
17.0	6.4829881656804735
17.2	6.22559171597633
17.4	5.907544378698225
17.6	5.774408284023669
17.8	5.597633136094675
18.0	5.45155325443787
18.2	5.339497041420118
18.4	5.167529585798816
18.6	4.985207100591715
18.8	4.825073964497041
19.0	4.735576923076923
19.2	4.653476331360947
19.4	4.590606508875739
19.6	4.508505917159764
19.8	4.369082840236686
20.0	4.213757396449704
20.2	4.102440828402367
20.4	4.0
20.6	3.871671597633136
20.8	3.808801775147929
21.0	3.7300295857988166
21.2	3.6597633136094676
21.4	3.6050295857988166
21.6	3.495931952662722
21.8	3.4474852071005917
22.0	3.382396449704142
22.2	3.4056952662721893
22.4	3.321745562130178
22.6	3.20155325443787
22.8	3.117603550295858
23.0	2.94008875739645
23.2	2.8883136094674557
23.4	2.8028846153846154
23.6	2.734467455621302
23.8	2.72448224852071
24.0	2.6738165680473376
24.2	2.7366863905325447
24.4	2.709319526627219
24.6	2.7052514792899407
24.8	2.703032544378698
25.0	2.616863905325444
25.2	2.580621301775148
25.4	2.538091715976331
25.6	2.481139053254438
25.8	2.4227071005917162
26.0	2.377958579881657
26.2	2.34689349112426
26.4	2.302144970414201
26.6	2.2917899408284024
26.8	2.237426035502959
27.0	2.1786242603550297
27.2	2.2015532544378695
27.4	2.2329881656804735
27.6	2.2696005917159763
27.8	2.2884615384615383
28.0	2.2818047337278107
28.2	2.206360946745562
28.4	2.1893491124260356
28.6	2.116863905325444
28.8	2.0417899408284024
29.0	2.033284023668639
29.2	2.034023668639053
29.4	2.0610207100591715
29.6	2.0991124260355027
29.8	2.132766272189349
30.0	2.13646449704142
30.2	2.2078402366863905
30.4	2.1849112426035506
30.6	2.1231508875739644
30.8	2.044008875739645
31.0	1.9252958579881656
31.2	1.8838757396449703
31.4	1.8309911242603552
31.6	1.7818047337278107
31.8	1.7511094674556213
32.0	1.8025147928994083
32.2	1.8661242603550294
32.4	1.915680473372781
32.6	1.8868343195266273
32.8	1.7529585798816567
33.0	1.6667899408284024
33.2	1.5965236686390532
33.4	1.584689349112426
33.6	1.5277366863905326
33.8	1.4663461538461537
34.0	1.415680473372781
34.2	1.4519230769230769
34.4	1.5488165680473371
34.6	1.5669378698224854
34.8	1.6031804733727812
35.0	1.470044378698225
35.2	1.370931952662722
35.4	1.3587278106508875
35.6	1.3006656804733727
35.8	1.3213757396449706
36.0	1.286612426035503
36.2	1.1778846153846154
36.4	1.165680473372781
36.6	1.129068047337278
36.8	1.2296597633136095
37.0	1.3509615384615383
37.2	1.2906804733727812
37.4	1.2622041420118342
37.6	1.0824704142011834
37.8	0.970784023668639
38.0	1.0025887573964498
38.2	1.015162721893491
38.4	1.0728550295857988
38.6	1.0506656804733727
38.8	1.1146449704142012
39.0	1.1993343195266273
39.2	1.2888313609467454
39.4	1.3927514792899407
39.6	1.2928994082840237
39.8	1.1856508875739644
40.0	1.1590236686390532
40.2	1.110207100591716
40.4	1.1335059171597632
40.6	1.1224112426035502
40.8	1.0458579881656807
41.0	1.0909763313609466
41.2	1.1331360946745561
41.4	1.2211538461538463
41.6	1.2988165680473374
41.8	1.2303994082840237
42.0	1.1564349112426036
42.2	1.047707100591716
42.4	0.9234467455621302
42.6	0.8761094674556213
42.8	0.9534023668639053
43.0	0.9604289940828402
43.2	1.0025887573964496
43.4	1.0232988165680472
43.6	0.8650147928994083
43.8	0.8136094674556213
44.0	0.7851331360946746
44.2	0.7455621301775148
44.4	0.7991863905325444
44.6	0.9142011834319526
44.8	0.8664940828402367
45.0	0.9101331360946745
45.2	0.9130917159763314
45.4	0.8302514792899408
45.6	0.8324704142011834
45.8	0.783284023668639
46.0	0.826923076923077
46.2	0.7707100591715976
46.4	0.764423076923077
46.6	0.7625739644970415
46.8	0.6042899408284025
47.0	0.6886094674556213
47.2	0.7226331360946745
47.4	0.7403846153846154
47.6	0.7755177514792899
47.8	0.6516272189349113
48.0	0.6079881656804733
48.2	0.6682692307692308
48.4	0.6701183431952662
48.6	0.7278106508875739
48.8	0.738905325443787
49.0	0.6590236686390533
49.2	0.6889792899408285
49.4	0.6745562130177516
49.6	0.6205621301775148
49.8	0.6227810650887574
50.0	0.628698224852071
50.2	0.709319526627219
50.4	0.8413461538461537
50.6	0.7973372781065089
50.8	0.7873520710059172
51.0	0.7769970414201184
51.2	0.6908284023668639
51.4	0.7259615384615384
51.6	0.6952662721893491
51.8	0.6309171597633135
52.0	0.6298076923076923
52.2	0.603180473372781
52.4	0.6216715976331361
52.6	0.672707100591716
52.8	0.7096893491124261
53.0	0.6993343195266273
53.2	0.6956360946745562
53.4	0.646819526627219
53.6	0.6124260355029586
53.8	0.6534763313609468
54.0	0.6268491124260356
54.2	0.5669378698224852
54.4	0.5639792899408284
54.6	0.5469674556213018
54.8	0.5743343195266272
55.0	0.6246301775147929
55.2	0.6819526627218935
55.4	0.6749260355029586
55.6	0.7292899408284024
55.8	0.7193047337278107
56.0	0.7144970414201184
56.2	0.7732988165680473
56.4	0.7163461538461537
56.6	0.7781065088757396
56.8	0.7681213017751478
57.0	0.7107988165680473
57.2	0.702292899408284
57.4	0.6375739644970414
57.6	0.5943047337278107
57.8	0.5599112426035503
58.0	0.5203402366863905
58.2	0.5380917159763313
58.4	0.49667159763313606
58.6	0.5295857988165681
58.8	0.555103550295858
59.0	0.5181213017751479
59.2	0.6031804733727811
59.4	0.6005917159763314
59.6	0.6176035502958579
59.8	0.6797337278106509
60.0	0.6660502958579881
